8 5 2 1204
1 tom 1201 1 1 1 0 0 5
1 tom 1201 1 2 1 0 0 5
1 tom 1201 1 3 1 0 0 5
1 tom 1201 1 4 1 0 0 5
1 tom 1201 1 5 1 0 0 5
1 tom 1201 1 6 1 0 0 5
1 tom 1201 1 7 1 0 0 5
1 tom 1201 1 8 1 0 0 5
1 tom 1201 1 9 1 0 0 5
1 tom 1201 1 10 1 0 0 5
1 tom 1201 1 11 1 0 0 5
1 tom 1201 1 12 1 0 0 5
1 tom 1201 1 13 1 0 0 5
1 tom 1201 1 14 1 0 0 5
1 tom 1201 1 15 1 0 0 5
1 tom 1201 1 16 1 0 0 5
1 tom 1201 1 17 1 0 0 5
1 tom 1201 1 18 1 0 1 5
1 tom 1201 1 19 1 0 0 5
1 tom 1201 1 20 1 0 0 5
2 lalala 1202 2 6 1 0 0 5
3 GGG 1203 2 1 1 0 0 5
3 GGG 1203 2 2 1 0 0 5
3 GGG 1203 2 3 1 0 0 5
3 GGG 1203 2 4 1 0 0 5
3 GGG 1203 2 5 1 0 1 5
3 GGG 1203 2 6 1 0 0 5
3 GGG 1203 2 7 1 0 0 5
3 GGG 1203 2 8 1 0 0 5
3 GGG 1203 2 9 1 0 0 5
3 GGG 1203 2 10 1 0 0 5
3 GGG 1203 2 11 1 0 0 5
3 GGG 1203 2 12 1 0 0 5
3 GGG 1203 2 13 1 0 0 5
3 GGG 1203 2 14 1 0 0 5
3 GGG 1203 2 15 1 0 0 5
3 GGG 1203 2 16 1 0 0 5
3 GGG 1203 2 17 1 0 0 5
3 GGG 1203 2 18 1 0 0 5
3 GGG 1203 2 19 1 0 0 5
3 GGG 1203 2 20 1 0 0 5
